# Crosstones Saved Games

[DC vs AlphaCruncher]
pos=b-10000 r-10006 b-10012 -B30500 -B30502 -W30510 -W30512 b-10606 -B30700 -B30702 -W30710 -W30712 b-11200 r-11206 b-11212 11111111111111111111
moves=20 95 17 151 141 29 37 125 35 175 148 6 29 102 105 163 73 108 105 250 16 127 111 179 29 312 29 103 28 163

[Hydra with Felix Eval]
pos=b-10000 r-10006 b-10012 -B30500 -B30502 -W30510 -W30512 b-10606 -B30700 -B30702 -W30710 -W30712 b-11200 r-11206 b-11212 11111111111111111111
moves=41 63 93 69 104 223 100 90 126 19 92 43 120 115 175 23 102 26 169 41 177 117 144 134 115 180 97 93 66 209

[2 Hydras with Felix Eval]
pos=b-10000 r-10006 b-10012 -B30500 -B30502 -W30510 -W30512 b-10606 -B30700 -B30702 -W30710 -W30712 b-11200 r-11206 b-11212 11111111111111111111
moves=29 132 75 63 186 255 32 290 38 276 37 128 67 222 129 266 103 23 192 166 120 154 149 194 143 150

[Hydra vs Deepchad d5]
pos=b-10000 r-10006 b-10012 -B30500 -B30502 -W30510 -W30512 b-10606 -B30700 -B30702 -W30710 -W30712 b-11200 r-11206 b-11212 11111111111111111111
moves=95 61 247 156 69 53 19 62 28 21 245 51 208 52 298 29 181 109 84 340 54 44 85 223 139 71 47 2 1 28 0 263 0

[2 Hydras Fixed Eval]
pos=b-10000 r-10006 b-10012 -B30500 -B30502 -W30510 -W30512 b-10606 -B30700 -B30702 -W30710 -W30712 b-11200 r-11206 b-11212 11111111111111111111
moves=29 132 216 61 259 52 247 27 84 74 10 112 336 138 60 110 53 79 30 78 455 16 424 274 216 140 144 181 215 186 175 99 22 56 88 105 9 129 143 58 145 242 1 68 184 145 53 165 17 91 13 72 118 1 91 1 125 3 129 3 75 32 75 49

[Hydra Executed by DC]
pos=b-10000 r-10006 b-10012 -B30500 -B30502 -W30510 -W30512 b-10606 -B30700 -B30702 -W30710 -W30712 b-11200 r-11206 b-11212 11111111111111111111
moves=95 63 247 253 67 162 29 112 224 128 5 121 12 183 100 61 22 193 64 227 22 216

[DeepChad d5 Mirror]
pos=b-10000 r-10006 b-10012 -B30500 -B30502 -W30510 -W30512 b-10606 -B30700 -B30702 -W30710 -W30712 b-11200 r-11206 b-11212 11111111111111111111
moves=27 132 12 134 24 112 163 140 6 63 91 274 67 488 374 397 131 83 180 36 47 147 124 100 26 22 22 62 36 205 6 139 202 43 233 57 1 18 291 9 230 204 161 99 39 147 288 114 205 143 291 25 353 78 295 124 182 59 262 121 219 160 98 103 51 69 260 165 26 29 296 8 4 16 42 7 34 26 151 43 21 131 107 113 180 92 127 140 77 117 139 167 51 30 62 65 222 131 206 40 252 25 48 32 26 4 164 53 68 3 118 10 72 21 92 10 132 27 156 29 134 6 135 22 144 55 74 40 134 43 134 41 135 22 144 55 74 40 134 43 134 41 135 22 144 55 74 40 134 43 134 41 135 22 144 55 74 40 134 43 134 41 135 22 144 55 74 40 134 43 134 41 135 22 144 55 74 40 134 43 134 41 135 22

[Man vs AI (Longmen)]
pos=b-10000 r-10006 b-10012 -B30500 -B30502 -W30510 -W30512 b-10606 -B30700 -B30702 -W30710 -W30712 b-11200 r-11206 b-11212 11111111111111111111
moves=27 132 12 39 134 176 24 50 26 15 45 154 51 133 114 237 542 491 151 165 19 23 25 184 341 351 451 427 168 429 449 318 464 364 308 30 216 181 177 457 415 574 158 619 66 386 413 364 3 271 24 292 87 278 186 12 258 71 96 83 38 33 93 19 191 211 54 251 209 219 261 263 94 262 79 224 218 289 206 239 184 182 27 2 135 256 86 202 53 241 12 240
